x <- 4
a <- 1
